20130729,157.0000,160.8000,156.5000,159.9500,2053000
20130730,152.5500,158.6500,152.1000,156.0500,2101300
20130731,158.3000,159.3000,148.2500,151.0000,3482300
20130801,150.6000,160.6500,149.4000,157.1500,3560300
20130802,149.6000,153.7500,147.7500,150.1000,3094300
20130805,120.8000,139.0000,119.8500,138.8000,22192300
20130806,112.6000,120.2000,111.4000,120.0000,19492200
20130807,115.6500,117.0000,113.0500,113.0500,6876600
20130808,117.4000,119.3000,113.7000,116.7500,5436500
20130809,117.4000,117.4000,117.4000,117.4000,0
20130812,119.9000,122.8000,114.3500,118.8000,6477900
20130813,120.9000,123.8500,117.3500,118.9000,5762000
20130814,118.5500,122.6000,116.0000,122.2000,6587000
20130815,118.5500,118.5500,118.5500,118.5500,0
20130816,105.5500,118.2500,104.6500,117.0000,14616600
20130819,103.1000,106.0000,100.6500,105.6000,12416900
20130820,101.3500,104.6500,100.1500,102.2500,16418400
20130821,104.9000,109.2500,103.0000,103.0000,13721400
20130822,107.4500,108.7000,102.7000,103.9000,6501800
20130823,116.1000,117.3000,107.6500,108.4000,15862900
20130826,123.9000,124.9500,117.1000,118.2000,16423900
20130827,111.2500,126.9000,110.2500,123.0000,16406600
20130828,113.8500,115.7000,104.8000,110.0000,19259900
20130829,117.7000,118.8500,112.0000,115.5000,9338800
20130830,119.0000,120.7500,115.6500,118.5000,7432000
20130902,120.8500,122.0000,118.5500,119.6500,4187500
20130903,119.2000,125.9000,118.4000,121.6000,10191600
20130904,127.2500,128.4000,119.3500,119.3500,11629300
20130905,138.0500,139.4500,128.0000,129.6500,13249100
20130906,142.2500,143.5000,134.9500,137.1500,12285100
20130909,142.2500,142.2500,142.2500,142.2500,0
20130910,142.9500,146.7000,137.1000,143.8000,11843700
20130911,140.7000,142.7500,137.7000,139.9000,7897900
20130912,134.9000,143.5000,134.0000,141.1500,7926200
20130913,142.8500,143.5000,134.0000,134.8000,9413000
20130916,135.6500,145.8500,134.8000,144.8500,6342700
20130917,136.5500,137.9000,132.1500,134.0000,5968700
20130918,129.7500,137.9000,126.2000,137.5000,11672900
20130919,133.8500,136.0000,131.1000,135.7500,9337000
20130920,135.5000,138.6000,130.2000,133.8000,15405800
20130923,129.4500,135.3500,128.6500,133.8000,6431100
20130924,131.3000,134.5000,127.4000,128.3000,9442000
20130925,143.1500,144.8000,131.1000,131.4000,21790000
20130926,150.7500,152.9000,141.0000,143.1500,27005800
20130927,143.7500,150.0000,141.5000,148.5500,9641500
20130930,137.4000,140.8500,135.4000,140.0000,6280200
20131001,141.1500,143.9000,139.0500,139.0500,7438400
20131002,141.1500,141.1500,141.1500,141.1500,0
20131003,143.9500,146.8000,141.8000,145.4000,7510200
20131004,143.9500,145.6500,141.1000,142.0000,4818300
20131007,146.0500,147.9000,142.1500,143.8500,5086400
20131008,144.3000,148.3000,143.5500,147.3000,4187900
20131009,147.9500,148.8000,142.0000,143.2500,6223500
20131010,147.6500,149.4000,146.1500,147.3500,3281000
20131011,146.9500,149.5000,145.2000,149.1000,3351500
20131014,144.7500,146.7000,143.1000,146.7000,3320200
20131015,145.5000,147.5000,141.2000,145.8000,5309900
20131016,145.5000,145.5000,145.5000,145.5000,0
20131017,146.7500,147.8000,143.1000,145.0000,5307800
20131018,147.8000,151.9500,145.0000,147.2500,8929200
20131021,145.5000,149.2000,144.6000,147.8000,5345600
20131022,145.6000,147.8000,145.0000,145.0000,4570500
20131023,142.7000,146.5500,140.7000,145.7500,5185700
20131024,140.2000,144.9000,139.3000,142.7000,5213300
20131025,137.3500,139.8000,136.0500,139.8000,4099700
20131028,136.2000,138.6000,135.1000,138.2000,3388800
20131029,136.3500,137.8000,131.1500,136.2000,7840000
20131030,139.3500,141.0000,136.6000,136.6000,5919900
20131031,141.1000,141.9000,137.8000,139.3500,5953100
20131101,143.5500,145.3000,141.1500,141.1500,7797900
20131104,143.5500,143.5500,143.5500,143.5500,0
20131105,142.2500,145.0000,140.4500,143.9500,6440300
20131106,140.3500,144.9000,138.6500,141.0000,17555000
20131107,134.5500,138.0000,133.1000,138.0000,11687500
20131108,135.7000,136.7000,131.2500,132.8000,4913400
20131111,134.2000,136.0000,133.1000,134.8000,3424100
20131112,132.0500,135.0500,131.0000,134.0000,3569400
20131113,133.6500,135.0000,131.0000,131.2500,3036600
20131114,135.8000,136.8000,134.5000,135.0000,2391500
20131115,135.8000,135.8000,135.8000,135.8000,0
20131118,139.9500,140.8000,136.3000,137.3000,3692600
20131119,141.8000,142.4500,138.0500,139.6000,4215500
20131120,141.0000,144.6500,140.1500,141.4000,3913600
20131121,136.9000,140.8500,136.3500,140.3000,2855600
20131122,137.1500,139.0000,136.0000,138.1500,1885400
20131125,144.3000,145.2000,138.0500,138.1000,4060600
20131126,147.7500,152.0000,145.0000,145.0000,15834400
20131127,146.1500,148.9000,144.0000,148.6000,7275300
20131128,150.9500,152.7000,146.8000,147.2500,8509000
20131129,156.3500,158.6500,151.9000,152.0000,8348600
20131202,159.6500,160.8000,156.6000,157.0000,6641600
20131203,164.0000,164.9500,158.2500,158.5500,9910400
20131204,164.6000,165.7500,162.3000,164.0000,7424100
20131205,171.3500,171.9000,166.7000,166.8000,7850500
20131206,171.4000,175.9000,170.2000,170.3000,7394400
20131209,171.6000,176.9500,170.0500,176.2500,4430300
20131210,165.5500,172.0000,161.5000,172.0000,9942700
20131211,162.0500,164.9500,160.4000,163.8500,4073500
20131212,161.2500,164.2500,160.1500,160.9000,4430800
20131213,154.6000,160.0000,154.0000,160.0000,5175200
20131216,154.9000,156.7000,152.6500,154.0000,3698600
20131217,154.3500,157.9500,153.4000,156.2000,3298800
20131218,163.6000,164.6500,153.2500,153.2500,6749800
20131219,162.6000,166.3000,159.2500,164.6500,5933900
20131220,166.1500,167.2000,161.2000,161.7000,3779300
20131223,169.2000,171.4500,165.5500,166.1500,3884400
20131224,172.9000,173.5000,169.4000,169.9000,3245300
20131225,172.9000,172.9000,172.9000,172.9000,0
20131226,174.8000,175.8500,172.1000,174.0000,6850400
20131227,173.2500,174.5000,171.5000,173.8000,2589600
20131230,179.4000,181.2000,171.5000,173.5000,5715400
20131231,176.9000,180.9500,175.8500,180.8500,4505200
20140101,175.4000,177.8000,174.6500,177.2500,1909600
20140102,169.7000,177.7000,168.2000,175.0000,2913300
20140103,165.4500,168.3500,163.9000,168.3500,3371000
20140106,164.3000,168.0000,163.6500,165.4500,2754800
20140107,165.0000,170.2500,163.5000,165.3000,6496200
20140108,162.9000,165.8000,162.2500,165.3500,3767200
20140109,162.9000,165.7500,161.2000,162.9000,2817700
20140110,163.0000,165.7500,162.0000,163.4000,2134500
20140113,163.8500,165.5000,161.5500,163.0000,2312000
20140114,162.2000,164.8500,161.6000,163.5500,1976000
20140115,166.5500,167.7000,162.4000,162.4000,3018000
20140116,169.8500,171.4500,166.5500,166.9000,3212100
20140117,171.8500,173.0000,167.4000,168.9000,3223900
20140120,173.9000,174.4000,170.9500,171.7500,2117800
20140121,169.7500,174.2000,169.0000,173.7500,2423400
20140122,170.0000,172.3500,168.5500,169.7500,2621600
20140123,171.2500,173.3500,169.5500,169.5500,3491200
20140124,165.0000,170.5000,163.7000,169.7000,3603800
20140127,162.2500,164.6500,161.1000,162.0000,2128100
20140128,164.3500,165.6500,160.4500,162.0000,3336500
20140129,170.7500,172.0000,165.0500,165.0500,4159100
20140130,173.2000,175.6000,164.5000,166.6000,5869400
20140131,172.7500,173.5000,168.3500,170.9500,3809700
20140203,167.1500,173.8000,165.5500,170.0000,2531400
20140204,162.8500,167.5000,161.6500,165.7000,3542700
20140205,160.8500,164.8000,158.3500,163.4000,11853100
20140206,157.1000,157.8500,153.0000,157.5000,8242400
20140207,155.7500,157.7500,154.6500,156.0000,3398700
20140210,155.9000,158.6000,154.8500,155.7000,3086000
20140211,155.1000,157.8500,154.3000,156.5000,2397500
20140212,157.3500,158.4000,155.5000,155.5000,3158000
20140213,151.9500,158.7500,150.1500,158.0000,6948900
20140214,148.5000,152.4000,145.5500,152.0000,4504200
20140217,147.5500,150.4000,146.3000,147.6000,3645100
20140218,149.6500,151.4000,146.3000,147.5000,4587900
20140219,150.6500,152.3000,149.5500,150.0000,3517400
20140220,150.9500,152.4000,148.7500,149.9000,2918700
20140221,150.6000,152.2500,148.6500,151.8000,2333200
20140224,156.5500,156.9500,150.2000,150.6000,3437700
20140225,159.7000,160.4500,156.9000,157.2500,3774100
20140226,162.4000,163.0000,159.6500,160.5000,5014900
20140227,162.4000,162.4000,162.4000,162.4000,0
20140228,167.7500,168.9000,161.2000,161.5000,4944000
20140303,162.7000,169.5000,161.2500,168.3000,4776600
20140304,166.9500,167.6000,160.8000,162.4000,3278300
20140305,167.0000,168.0000,164.5000,168.0000,1889400
20140306,173.3500,174.7500,166.5000,167.5000,4692000
20140307,184.8500,187.4000,173.6000,173.9000,7138200
20140310,189.4500,192.1000,183.0500,183.9000,6455400
20140311,189.3500,193.3500,187.2000,189.4000,4510800
20140312,183.9500,189.6500,182.5500,188.6000,3094600
20140313,183.1000,188.1500,181.2000,183.9500,3271800
20140314,187.9500,189.0000,178.5000,181.8000,3447700
20140317,187.9500,187.9500,187.9500,187.9500,0
20140318,189.0000,194.0000,186.3000,188.0000,4616700
20140319,190.1500,191.8500,187.7000,189.5000,4382700
20140320,184.8500,188.9000,183.2000,188.2000,2958500
20140321,187.7500,188.4000,185.6500,186.5000,2445000
20140324,188.0500,190.9500,186.3000,187.8000,3466300
20140325,196.5500,197.3000,187.7500,188.0500,7517000
20140326,195.5500,199.8000,194.0000,198.2000,5628400
20140327,197.8500,202.1500,193.2000,195.5000,6894900
20140328,200.1000,201.5000,196.6500,197.7000,2714000
20140331,196.0500,201.8000,194.6500,201.0000,3179400
20140401,194.5000,198.2500,191.2000,196.8000,3116400
20140402,193.3500,195.8000,190.6500,195.0000,3925300
20140403,187.3500,196.2000,185.6000,195.4500,6524100
20140404,183.5000,187.5500,182.0500,187.0000,4312200
20140407,177.6500,181.5000,176.0000,180.6000,4533500
20140408,177.6500,177.6500,177.6500,177.6500,0
20140409,181.6000,182.9500,176.5000,179.9500,6087500
20140410,186.5500,187.9000,181.7000,181.7000,5774300
20140411,185.4500,187.2000,182.6500,184.9000,3147600
20140414,185.4500,185.4500,185.4500,185.4500,0
20140415,182.0000,185.7500,179.9000,185.0000,2414000
20140416,175.5500,183.0000,175.0000,180.4000,3433700
20140417,181.2500,181.9000,172.7000,175.5000,5218500
20140418,181.2500,181.2500,181.2500,181.2500,0
20140421,186.3500,189.5000,182.0000,182.0000,5371000
20140422,186.8000,189.4000,184.5500,186.0000,4015400
20140423,189.6000,191.5000,187.0000,187.0000,4778100
20140424,189.6000,189.6000,189.6000,189.6000,0
20140425,191.2000,195.2500,189.3000,189.5000,3717700
20140428,186.2000,191.9500,185.5500,191.2000,3641900
20140429,186.5500,188.8000,184.5500,187.3000,4876100
20140430,180.4500,189.4000,178.4500,187.4000,5799100
20140501,180.4500,180.4500,180.4500,180.4500,0
20140502,180.3500,184.3000,177.4500,181.9000,6567200
20140505,177.9500,183.5000,176.6500,180.0000,5537500
20140506,178.9500,181.7000,178.0000,178.0000,3255100
20140507,178.4000,181.3500,178.0000,179.4000,2132100
20140508,184.2500,185.6000,179.0000,179.0000,3767900
20140509,194.0500,195.0000,184.7000,186.4000,5702900
20140512,198.6500,201.8000,194.5000,195.0000,5024200
20140513,218.9500,229.8000,199.7500,199.9000,22466000
20140514,216.4000,221.5500,211.5000,221.0000,7392200
20140515,218.1000,224.8000,214.2500,217.0000,6742000
20140516,231.6000,235.0000,222.3500,226.3000,12064300
20140519,266.5500,273.0000,231.0500,231.1000,23265100
20140520,277.8000,287.8000,258.9500,268.0000,22649800
20140521,271.0500,280.7500,266.4000,277.8000,11693900
20140522,263.4000,274.8000,261.2500,273.4000,8528200
20140523,272.1500,279.5500,265.3500,265.5000,10903900
20140526,259.1500,291.5000,251.1500,275.0000,18465000
20140527,245.6500,259.7000,240.5000,259.1500,11950800
20140528,248.8500,256.8500,245.2500,247.3500,8761100
20140529,243.3000,251.6500,241.0500,248.0000,14427900
20140530,242.2000,252.5000,241.0000,243.3000,7433800
20140602,248.6000,251.0000,242.6000,244.0000,7046300
20140603,257.3500,258.2500,245.0000,250.1000,11749700
20140604,257.6000,263.0000,255.7500,260.0000,7219300
20140605,260.4500,263.5000,255.1000,259.7000,8792000
20140606,262.7500,264.0000,257.2500,262.8500,7965700
20140609,262.9000,266.2500,261.0000,264.1000,7054800
20140610,255.8000,265.8000,251.5000,265.4000,7424100
20140611,247.2000,259.8000,245.0000,256.5500,8276700
20140612,243.6500,248.7000,240.2500,247.0000,5967100
20140613,237.7500,252.7000,233.2000,245.0000,10099700
20140616,241.0500,242.3000,232.1000,238.0000,6571300
20140617,247.8000,249.1000,237.8500,241.8500,7607800
20140618,241.3500,250.4000,238.1000,248.5000,6058700
20140619,240.9000,246.4000,239.0000,242.0000,5557700
20140620,238.8000,244.5000,237.1500,238.5000,3961100
20140623,244.3500,245.5000,238.1000,238.5000,4795000
20140624,250.3000,251.8000,245.5000,245.5000,8643200
20140625,249.8500,254.4000,248.5000,252.0000,6002300
20140626,251.2000,255.5000,249.1000,251.0000,9758900
20140627,244.4500,252.9000,242.7500,251.4000,5391900
20140630,250.3000,251.5000,245.5000,245.5000,5091800
20140701,252.4500,254.8000,250.9000,251.9000,4437900
20140702,259.4000,261.2000,253.6000,255.0000,7758600
20140703,261.1000,262.9500,257.0500,261.9000,7542200
20140704,262.9000,263.7500,257.3000,262.1500,6969700
20140707,264.8500,266.2000,261.5500,264.0000,5187900
20140708,242.9000,266.6000,238.9500,265.6000,9881100
20140709,243.4500,249.7000,238.9000,244.9000,8094900
20140710,243.7500,253.5000,235.7000,246.8000,8325500
20140711,223.2500,246.9000,221.7000,245.0000,10157700
20140714,226.7000,228.3000,219.1000,223.7000,4811700
20140715,234.6500,236.8000,226.0000,229.4000,6018500
20140716,241.2000,245.2500,232.1500,236.6000,5242400
20140717,243.1500,244.7000,239.7500,241.4500,3908400
20140718,238.6500,241.9000,235.0500,241.9000,4692400
20140721,235.2000,241.5000,233.5000,239.0000,3072100
20140722,234.0500,238.5000,231.0000,235.7000,3295000
20140723,235.0000,237.4500,232.0000,235.4000,3394300
20140724,236.3000,238.8000,233.0000,235.0000,2829700
20140725,227.0500,237.4000,222.5000,237.0500,6841200
20140728,229.8500,230.9000,225.6000,228.1500,4000800
