20130729,110.6000,116.3000,110.1000,115.1000,12268200
20130730,112.1500,113.6500,108.8500,110.9000,11847400
20130731,109.5000,113.1500,108.5500,112.2500,13273600
20130801,105.2500,111.9000,101.0500,110.6000,12531600
20130802,103.5500,106.5000,102.0500,105.0000,5946100
20130805,105.8000,107.5000,101.9500,103.1000,5608900
20130806,102.9500,105.4500,102.1000,104.6000,4403700
20130807,106.3500,107.7000,102.0000,103.0000,12349200
20130808,107.1000,109.3500,106.5500,107.1000,5556700
20130809,107.1000,107.1000,107.1000,107.1000,0
20130812,108.2500,109.8000,104.0000,107.1000,9853600
20130813,112.4000,113.1500,106.3000,106.3000,8354700
20130814,112.0000,114.2000,111.2500,112.9000,6039400
20130815,112.0000,112.0000,112.0000,112.0000,0
20130816,106.7500,110.7000,105.0500,110.5000,9577000
20130819,101.0500,106.0000,98.6000,105.0000,12887700
20130820,103.2500,104.4000,97.1500,99.0000,8853000
20130821,100.4500,110.0000,99.6000,108.5500,7295300
20130822,101.5000,103.8500,98.8500,99.8000,9251100
20130823,103.7500,104.7000,101.6000,102.5500,5618300
20130826,94.7500,105.4000,94.0000,103.7500,20114300
20130827,79.1000,89.9000,78.5000,89.9000,49508100
20130828,79.8500,81.7000,76.1000,79.1000,33357200
20130829,82.2500,83.3500,79.1000,81.3000,19860000
20130830,80.5000,85.5500,79.2500,82.5000,68351504
20130902,83.5000,83.9000,80.9000,82.2000,14721700
20130903,79.3000,84.3000,78.9000,84.3000,11684100
20130904,79.9500,81.6000,78.7000,79.5000,10335200
20130905,85.1000,86.3000,82.0000,82.0000,17508500
20130906,87.4500,88.3000,83.1000,85.9000,15313500
20130909,87.4500,87.4500,87.4500,87.4500,0
20130910,89.1500,90.7000,87.8500,88.9000,12779500
20130911,92.2500,92.9000,88.0500,89.1000,14724800
20130912,94.8500,99.8500,94.0500,98.5500,41597200
20130913,95.1000,96.9500,93.8500,94.7000,7571000
20130916,94.3500,99.9000,93.1000,97.4000,11026500
20130917,92.5500,94.0000,91.3500,94.0000,6822100
20130918,95.1000,95.5000,92.1000,92.1000,9878100
20130919,102.5500,103.5000,99.0000,100.0000,17055700
20130920,99.0500,103.1000,93.6000,102.5500,34139400
20130923,93.3000,98.8000,92.7500,98.6000,16387900
20130924,92.0000,95.0000,91.6000,91.6000,9798700
20130925,90.0500,92.9500,88.1500,92.1000,12912600
20130926,90.9000,91.9000,89.7500,89.9500,7824500
20130927,88.8500,91.9500,88.5500,91.9500,7046500
20130930,88.0500,88.8500,86.3000,88.0000,5650600
20131001,90.8500,91.2000,88.2000,89.0000,5668700
20131002,90.8500,90.8500,90.8500,90.8500,0
20131003,94.5000,94.8000,90.9000,91.3000,7695100
20131004,93.3500,95.3000,92.5000,93.6500,7685600
20131007,95.7000,96.4000,92.0000,93.6000,10726700
20131008,93.8500,99.0000,93.4500,98.5000,12322200
20131009,96.8000,97.5000,92.1000,92.8000,9003900
20131010,97.7000,98.0000,95.6500,97.4500,7745400
20131011,97.8500,99.2500,96.5000,99.0000,9261600
20131014,96.4500,99.5000,95.8500,97.7000,6322200
20131015,93.1500,97.7000,92.2500,96.7500,8421700
20131016,93.1500,93.1500,93.1500,93.1500,0
20131017,93.0500,94.9500,92.7500,93.6000,8093700
20131018,96.4000,96.9000,93.5000,93.5000,6712700
20131021,101.4000,102.0000,96.9000,97.1000,15228800
20131022,102.3000,104.2000,101.6000,102.1000,12826300
20131023,102.5000,103.7500,100.2000,102.9500,11077900
20131024,104.9500,105.8500,101.9000,102.0000,17732900
20131025,102.6500,105.4000,102.2500,104.8000,8039600
20131028,100.1000,104.4000,99.5500,103.2500,7906900
20131029,102.8500,103.8500,97.5000,99.8000,16026900
20131030,102.6500,104.1000,101.6000,103.5000,9394600
20131031,105.7500,106.6500,101.7500,102.0000,20381600
20131101,112.9500,115.5000,107.0000,107.2500,25929800
20131104,112.9500,112.9500,112.9500,112.9500,0
20131105,112.2500,115.4500,111.2500,113.4000,11384900
20131106,110.4000,114.1500,110.0000,113.0000,10146000
20131107,107.3500,112.0000,106.7000,110.8500,11353900
20131108,106.0500,108.7000,104.9000,106.1500,12311700
20131111,103.0000,106.1000,102.2500,105.6500,10623300
20131112,102.3000,105.7500,101.7000,103.9500,8920800
20131113,101.3500,102.8500,99.8000,101.8500,11700300
20131114,104.3000,104.9500,102.6500,102.6500,13200000
20131115,104.3000,104.3000,104.3000,104.3000,0
20131118,107.0500,107.4500,105.2500,106.4000,10635900
20131119,106.5000,108.0000,106.1000,107.2500,7995800
20131120,106.2000,109.4000,105.3000,106.0000,10232600
20131121,103.2000,105.2000,102.6000,105.0000,9850300
20131122,101.4500,104.4500,100.7000,104.2000,9470400
20131125,103.3500,103.6500,101.2000,102.5000,7630000
20131126,101.6000,104.2500,101.1000,103.0000,4879600
20131127,100.7500,102.1500,99.1500,101.3500,7071200
20131128,102.1500,103.8000,101.5000,101.5000,10557300
20131129,103.9500,105.0000,101.5000,101.5000,5920700
20131202,106.8000,107.3500,104.0000,104.0000,6924900
20131203,107.8500,108.6500,105.6000,106.0000,7528200
20131204,105.4000,108.8000,105.0000,107.4500,6475000
20131205,112.8000,114.6000,108.0000,108.0000,17702200
20131206,112.6500,113.4000,110.4000,113.1000,7640200
20131209,115.0000,117.8000,114.2500,117.3000,11641600
20131210,111.6500,115.2000,110.3500,115.0000,7555500
20131211,109.5000,110.3000,108.3000,110.2000,6249300
20131212,107.2500,108.8000,106.8000,107.2500,5819500
20131213,103.3500,106.5000,103.1000,106.3500,11705000
20131216,104.3000,105.6000,103.4500,103.5000,7523300
20131217,104.3500,106.4000,103.5500,105.7500,9451200
20131218,106.2000,107.3500,104.4000,104.5000,11043100
20131219,103.9000,107.8000,103.6000,107.2000,8130900
20131220,104.8500,105.4000,100.5500,102.5500,9930600
20131223,106.2500,107.2500,104.5000,104.8500,4661600
20131224,106.5000,107.4500,106.0000,106.7500,3064800
20131225,106.5000,106.5000,106.5000,106.5000,0
20131226,106.3000,108.4000,105.7000,106.5000,5705600
20131227,106.0500,107.9000,105.2500,107.0000,4956800
20131230,104.9000,107.3500,104.4000,107.0000,3780700
20131231,109.6000,109.9000,105.2500,105.5000,12232200
20140101,109.7500,111.4000,109.1500,110.5000,9545600
20140102,104.5500,111.4000,103.8500,110.0000,14138000
20140103,105.4500,105.7500,103.4000,104.0000,6224200
20140106,104.3000,105.5000,103.6000,105.4000,5342600
20140107,103.7500,105.4000,103.3000,104.8500,7329800
20140108,102.3500,104.6500,102.1000,104.3500,11033500
20140109,101.5000,103.0000,101.2000,102.5000,8405200
20140110,98.5000,102.2500,98.0000,101.0500,10155100
20140113,100.3500,100.7500,98.0500,98.0500,5939200
20140114,100.0500,101.5500,99.4000,100.0000,4486000
20140115,102.3500,102.7500,100.3000,100.3000,6764600
20140116,101.0500,103.4000,100.8500,102.9000,5812000
20140117,100.0500,102.1000,99.7500,100.2500,6219200
20140120,100.7500,101.3000,99.5000,99.5000,3243200
20140121,100.8000,101.5000,100.1000,101.2500,2943700
20140122,100.8000,101.4500,100.2500,100.8500,3499800
20140123,101.0500,101.3000,99.8000,100.1500,10962500
20140124,98.1500,101.0000,97.8000,100.9000,8971500
20140127,92.7000,97.4500,92.1500,97.4500,9253100
20140128,93.7000,94.9500,91.3500,92.5000,6959300
20140129,94.0500,95.8000,93.8000,94.9500,5679000
20140130,91.7000,92.8500,91.1000,92.8500,9475200
20140131,93.2000,93.8000,91.4000,91.9000,5205600
20140203,90.5500,94.0000,90.2000,92.0000,6977600
20140204,91.5000,91.8000,88.0500,90.0000,5459300
20140205,92.6000,93.0000,90.2500,91.0000,4800600
20140206,93.0500,93.8500,91.8500,92.8000,4329100
20140207,96.1500,97.1500,93.3000,93.9000,5372700
20140210,97.4500,98.6000,96.2500,97.0000,6776800
20140211,98.0000,98.5000,97.0500,97.6500,3526300
20140212,99.3000,99.8500,98.0500,98.0500,5628600
20140213,95.3000,99.4500,95.0000,99.0000,14517300
20140214,95.3500,96.1500,93.8000,95.3000,5347100
20140217,97.0500,98.0000,94.6000,95.1500,3908000
20140218,97.8500,98.8500,96.9000,97.9000,6476000
20140219,97.0500,97.6000,96.2500,97.2000,2604600
20140220,95.2000,96.3500,94.9500,96.1500,3985200
20140221,95.1500,96.2000,94.6000,95.0500,3041300
20140224,94.2000,95.0000,93.8000,94.9000,3451300
20140225,95.6500,97.6500,94.8000,94.9000,9377200
20140226,94.4500,96.4500,93.5500,96.1000,6655600
20140227,94.4500,94.4500,94.4500,94.4500,0
20140228,94.0500,95.4000,93.5500,95.0000,5170800
20140303,95.1500,96.9500,93.0000,93.8500,7979000
20140304,99.5000,99.9000,96.0000,96.1000,11142800
20140305,102.7000,103.5000,99.6000,100.8000,14019600
20140306,103.8000,104.3000,102.6500,103.4500,7186400
20140307,105.1000,106.2000,102.5500,104.0000,10581000
20140310,112.1500,114.1500,104.4000,104.8000,22240000
20140311,115.5000,116.5500,112.6500,113.0500,17609500
20140312,113.5500,115.4500,111.2000,115.2000,13785900
20140313,112.7000,115.6500,111.8000,113.7000,8246900
20140314,114.2000,115.5000,108.1500,111.1500,13052900
20140317,114.2000,114.2000,114.2000,114.2000,0
20140318,113.6000,116.0000,112.1500,114.6000,7689800
20140319,113.8000,114.9500,113.3500,113.6500,5076700
20140320,111.5500,115.1000,111.1000,113.5000,7640100
20140321,109.2000,112.9000,108.7500,112.4000,6525500
20140324,111.9500,113.6500,111.5000,111.5000,5795300
20140325,111.7500,112.3500,110.5000,111.8000,4318000
20140326,115.1000,116.6500,111.2000,112.2000,16855500
20140327,121.1000,122.6000,115.5000,115.5000,25911400
20140328,125.6000,126.3000,122.3500,122.9500,16675900
20140331,122.2500,128.6500,120.1500,127.4000,16704500
20140401,123.1000,124.4000,117.5000,121.9500,15907000
20140402,127.8000,130.4000,126.2000,129.9000,19760400
20140403,124.9000,139.0000,123.5500,138.9000,58265900
20140404,124.9500,127.2000,122.0500,124.9000,17608500
20140407,122.2000,125.9500,121.2500,125.9500,10611200
20140408,122.2000,122.2000,122.2000,122.2000,0
20140409,123.9500,124.4000,122.4000,123.0000,10273100
20140410,124.6500,126.9000,122.1000,124.6500,13714400
20140411,123.5500,125.6000,122.7500,123.6000,7025700
20140414,123.5500,123.5500,123.5500,123.5500,0
20140415,119.5000,124.0000,119.0000,123.1000,7314100
20140416,116.5000,120.7000,116.1500,118.3000,9474200
20140417,118.3500,119.3000,116.0500,116.0500,8512900
20140418,118.3500,118.3500,118.3500,118.3500,0
20140421,119.4500,120.9000,118.7000,118.9000,7801000
20140422,118.8500,121.1500,118.5000,120.0000,5495400
20140423,116.6000,120.5000,116.0000,118.7000,13077900
20140424,116.6000,116.6000,116.6000,116.6000,0
20140425,114.1000,117.1000,113.3000,116.7500,9457200
20140428,114.5000,115.1000,110.3000,111.9000,13977400
20140429,113.9500,116.4000,113.6500,115.4000,8219500
20140430,111.6500,115.8500,110.0000,114.0000,8869600
20140501,111.6500,111.6500,111.6500,111.6500,0
20140502,110.5500,112.8500,110.3000,112.0000,4930800
20140505,109.6500,111.5000,109.2500,110.4000,4188000
20140506,109.1500,110.9000,108.6000,109.7500,4599500
20140507,108.7000,110.6000,108.2000,108.5000,5362000
20140508,108.5000,109.4000,107.3000,108.0000,4694800
20140509,117.2500,117.8000,108.0000,108.0000,15859500
20140512,119.2000,120.4000,116.9500,118.1500,8986800
20140513,121.4500,123.4500,119.2500,121.0000,13008700
20140514,121.3500,122.7500,119.7500,122.5000,8668100
20140515,121.0500,123.0000,120.4500,121.6000,6801200
20140516,124.1000,129.3000,123.0500,124.0000,22721600
20140519,130.9500,132.3000,125.0000,125.5000,15242900
20140520,134.7000,137.8000,132.3500,133.7500,17441800
20140521,132.1500,135.7000,130.7500,135.5000,7598500
20140522,136.0000,137.9000,132.5500,133.4500,12491800
20140523,143.2500,144.0000,136.1500,137.1000,17531700
20140526,136.5500,147.2000,130.2500,145.0000,17888100
20140527,133.0500,137.2000,130.3000,137.0000,10165600
20140528,131.4000,134.7000,130.7500,133.1000,6713500
20140529,127.5000,132.4000,127.0000,130.5000,14497600
20140530,126.3000,129.0500,125.1500,128.7000,9849200
20140602,129.6000,130.0000,126.8000,127.5000,7463500
20140603,130.9000,132.1500,122.5000,130.6000,10379900
20140604,135.9000,136.4500,129.7000,129.7000,12141100
20140605,135.1000,138.6500,133.1000,137.0000,10261700
20140606,136.3000,137.7000,134.7500,137.3000,9269300
20140609,138.1500,140.1500,136.1000,137.1500,12176100
20140610,135.6000,139.5000,134.3500,139.5000,9507500
20140611,132.5500,136.7500,131.7000,136.4000,7299700
20140612,131.3000,133.4000,130.0000,132.8000,4644100
20140613,128.1500,134.4500,127.3000,131.6000,11017400
20140616,129.9500,130.4000,126.0000,127.4000,5936100
20140617,131.7000,132.0000,128.2500,130.0500,5600000
20140618,128.0500,133.4500,127.5000,131.6000,7296100
20140619,129.3500,130.4500,128.0500,128.8500,7216600
20140620,128.6500,130.7500,128.3000,129.1000,5477900
20140623,128.1500,129.8500,126.7500,128.1500,4903200
20140624,129.9500,131.0500,128.5000,128.5500,5590900
20140625,128.3000,130.5000,127.8500,130.4000,3692700
20140626,126.3000,129.2500,125.7000,128.5000,7487900
20140627,128.3500,129.1500,126.5000,127.0000,9014700
20140630,135.1000,136.0000,129.0000,129.0500,17860100
20140701,135.1000,137.9500,134.5000,136.0000,9224300
20140702,135.2500,137.5500,134.6000,136.3500,5210600
20140703,133.2500,136.2000,132.8000,136.0000,4702000
20140704,134.0000,135.1000,132.1000,133.0000,6679800
20140707,142.5000,143.9000,137.0000,137.4000,30084700
20140708,137.0500,143.9500,136.3500,143.3500,20270000
20140709,139.4500,142.2000,134.3000,136.0000,17454700
20140710,151.5500,159.9000,136.0000,140.2000,55582300
20140711,148.6000,158.2500,147.5000,153.0000,28115800
20140714,147.4000,151.7000,145.1000,148.8000,12287600
20140715,150.0000,151.9000,147.1000,148.8000,11184000
20140716,163.2500,164.7000,154.8500,154.9500,45275300
20140717,159.4000,162.3500,157.5000,161.5000,20301700
20140718,163.9500,165.6500,156.5000,157.8500,23892400
20140721,160.7000,166.6500,160.0500,165.2000,13905000
20140722,161.1500,164.2000,158.9500,161.5000,11072100
20140723,158.0000,162.3000,157.0000,162.0000,9273200
20140724,158.3000,161.5000,157.6500,158.3000,8629700
20140725,154.9500,159.1000,152.2000,158.6000,9243200
20140728,153.6500,158.7500,152.6500,155.0000,7547000
